90080
88868
83185
93353
64952
74424
86624
93105
97948
79809
31324
92097
22927
98480
14037
32565
42614
51056
68312
80191
98536
66922
19580
16758
49717
17605
33132
56401
77157
23463
25443
45868
82039
14722
71409
61641
11398
31257
72734
42147
42745
50721
32119
21936
12023
98650
41082
74928
64035
79037
82661
70057
88501
45739
90675
37826
18018
17486
30131
48684
24542
84740
96362
13751
23892
62537
63054
26189
86732
60508
73028
84187
11179
90449
35573
39768
90067
48383
23630
17604
32983
99713
18245
29161
48601
54850
92701
83675
18581
41868
19290
26890
74128
21922
70845
14717
82526
46225
36625
24117
96867
29709
81789
64553
51664
66114
97459
23018
45431
46922
92348
73596
88351
17132
73716
95325
89058
80731
83541
28753
23220
84481
44956
98796
65612
66676
20481
30823
11451
18502
49063
29382
40168
25983
80533
60967
56213
27746
75122
25857
18852
73001
67688
12560
10452
99588
10523
13475
85082
75553
49029
87210
21838
62600
76573
57445
25783
34755
16868
91350
50025
62376
85134
49099
84566
44911
97261
28174
45064
20041
37630
24036
21955
56658
45173
43058
18993
83412
83662
68301
23867
85331
95584
30671
17636
51257
53444
45652
85628
48523
18715
25995
17069
88559
89799
72108
64698
40093
97808
20326
27425
78752
83088
54329
44540
29541
74390
89916
82222
42943
39320
72403
30428
33787
22864
15236
39286
63768
44210
94479
55804
18947
37992
54133
15947
51548
34031
51551
51315
53145
33802
46015
70923
95698
52407
63546
67437
10527
26877
99070
56112
33501
57857
56148
14849
33061
87698
86055
87251
80891
87865
96164
79357
84735
82860
26422
12618
33393
62046
26210
80137
35812
10822
11787
31426
47151
63380
63964
42187
77631
97239
64854
70401
91002
13716
60696
89138
77437
99110
53282
64942
63727
67029
10202
21839
75830
19402
79957
41558
86061
37215
28104
73119
24318
72655
82211
22657
54140
38359
63489
64478
59177
87382
61892
31335
63172
31767
34509
72436
27936
93713
79948
99181
40589
65192
56939
88186
65189
59873
97723
13808
58121
86031
21897
30706
31606
25087
54285
62729
12427
98846
93034
78669
15871
79866
98154
91731
40082
96789
40791
72817
91569
30165
63944
46542
52005
62469
53977
28636
91379
93233
48859
52317
35559
66399
17892
81380
97640
16217
18590
81260
93561
90429
64143
90708
14263
61845
71230
54960
78341
53138
23568
96838
79371
32703
62626
82773
69158
76447
98010
80264
16849
80048
89533
25313
83343
98137
20592
51003
67400
75665
28474
28590
86635
35386
48312
28385
52887
42462
49529
63473
96138
57388
62093
82992
26068
44529
25228
24093
60720
59366
61567
94223
28565
44853
77457
24608
23197
70781
80402
19851
17837
36739
86403
13695
42344
53539
61194
16982
80436
76625
34198
25045
31162
54679
45968
39239
41762
38949
66720
45623
48063
67787
47948
26074
42366
47442
18074
60526
98111
99051
60862
80505
95697
30355
68341
17537
43329
95654
76991
78700
80792
66667
26137
74905
37247
77793
75552
46240
44575
28721
98312
62888
55978
73251
34176
60137
57222
66189
55833
17827
77041
25244
60421
39895
73501
68150
89790
80492
83034
39739
85985
89396
85215
27359
67044
79019
32649
27701
16546
91793
59359
16199
79711
12801
41718
23741
56821
98636
18378
48456
49928
34680
14570
62692
50035
60966
90892
66905
57703
53460
55574
54813
79020
80823
36286
60248
39977
89639
97288
75425
40055
21050
54789
17629
49766
46798
46963
97188
91192
26277
42641
86854
88249
18218
79016
89222
18984
13814
44159
60931
15834
33573
70673
24166
70051
20807
12516
33214
39943
43464
67066
79839
93467
12627
98200
41997
92462
89426
94995
33451
82950
90609
35031
88636
13451
88996
48657
74247
98636
18945
63291
67364
15445
64284
91703
99606
14091
98097
63146
28392
18747
79197
72937
58489
76091
77185
99113
34970
90093
